ID	Gb1	Gb2	Gb3	Gb4	Gb5	Gb6	Gb7	Gb8	Gb9	Gb10	Gb11	Gb12	Gb13	Gb14
OTU1969004	15786	6708	13715	5232	2748	1765	5351	14473	7580	2405	5949	2942	1739	3226
OTU196900135	18599	13166	38114	46683	10335	12814	22359	17799	46020	29915	17205	14910	15612	30180
OTU196900136	1916	7512	13091	1068	336	1785	1441	7016	3511	2010	5605	477	2153	2259
OTU196900137	1069	0	742	0	0	0	803	398	1254	0	0	0	0	0
OTU196900138	751	1113	0	14663	5133	7434	1090	5275	35623	3382	10699	7483	33736	25766
OTU196900139	2091	3869	625	0	589	1008	1237	4437	5683	0	360	384	1600	0
OTU196900140	885	1177	3429	0	342	482	0	962	1514	608	902	501	2392	0
OTU196900141	2282	2219	5603	0	869	632	1460	3999	4440	0	4394	3618	6743	4293
OTU196900142	692	1339	1552	0	333	222	0	577	0	458	0	0	0	0
OTU196900143	10809	5954	10310	10316	3164	4450	9213	15487	25942	13048	7027	11855	9748	17084
OTU196900144	5469	6572	9719	16601	2831	10086	8795	10610	11797	10106	0	0	0	0
OTU196900145	5992	1372	1865	2147	1292	3099	4164	3319	5462	5813	1007	4443	737	3597
OTU196900146	2247	3298	5011	46712	3155	11761	758	4189	12746	3556	0	0	0	0
OTU196900148	3511	1486	3686	2490	1613	1443	2348	3632	7108	2655	4792	3982	6926	10357
OTU196900149	338	0	0	0	0	0	0	0	664	0	444	0	507	0
OTU196900150	0	1331	726	3513	530	459	916	2171	3205	0	1390	4916	1966	839
OTU196900151	523	2352	4084	1093	0	1441	550	1833	1132	1158	1815	0	1021	594
OTU196900152	296	240	893	0	0	206	0	0	0	369	0	0	0	0
OTU196900153	1525	3525	817	0	603	1165	1399	3350	3451	424	1688	748	3415	1985
OTU196900154	2098	869	972	705	463	614	1199	1236	3636	1587	1259	571	1458	568
OTU196900155	1177	3463	1224	0	378	1394	457	1715	4627	597	861	540	659	420
OTU196900156	449	1158	3367	833	1146	0	1254	2910	5728	776	3628	3190	3315	4540
OTU196900157	2761	1230	1654	2215	548	501	3899	2064	5930	1262	2880	1279	2033	2618
OTU196900158	945	580	1005	0	236	0	338	757	1443	0	495	384	760	0
OTU196900159	1352	1864	1088	0	535	578	1134	2475	3519	740	826	451	1952	386
OTU196900160	3204	2577	5274	7768	750	2976	2460	2253	2496	3157	3296	984	11002	1842
OTU196900161	2990	1418	6951	5528	895	1488	2193	1335	2401	2942	0	0	0	0
OTU196900162	3537	2387	887	617	1469	993	2577	3822	5501	1447	334	290	1637	1794
OTU196900163	0	615	0	0	0	0	0	407	0	0	352	0	717	0
OTU196900164	8446	2138	4767	4637	2765	1701	3868	5025	8224	2748	6860	6050	8040	11149
OTU196900166	0	346	619	0	0	429	0	0	0	0	0	0	0	0
OTU196900168	6476	3762	8594	1815	2127	2457	3871	7307	12957	4856	9275	2755	9695	2465
OTU196900171	2559	1480	3554	8262	1686	2829	11477	7611	9712	6365	1897	372	774	2700
OTU196900172	1408	1321	2331	0	230	222	451	1373	1694	456	2201	703	2665	1968
OTU196900175	976	549	0	0	0	331	692	987	2637	495	286	0	0	0
OTU196900176	3375	1124	2889	3404	1031	1387	2021	1799	3823	1255	732	816	1072	0
OTU196900178	2341	1537	2714	1441	1228	1405	1881	2871	4605	1784	1421	3151	3205	2708
OTU196900179	3698	3166	7411	9177	1792	2783	4125	4925	9476	2902	2054	1807	3037	1551
OTU196900180	3630	2216	7665	1855	1307	1754	3315	3511	6825	3460	1338	724	614	0
OTU196900181	2678	1672	1146	874	1113	395	656	2789	3448	2841	1582	414	649	1295
OTU196900182	407	636	0	1115	0	489	385	393	663	1293	0	0	0	0
OTU196900183	3101	1846	851	0	918	449	904	2959	2785	651	0	0	0	0
OTU196900184	1134	494	0	1465	0	267	756	1327	0	1520	270	599	1020	760
OTU196900185	3143	2937	3389	9835	2341	2776	4463	4392	8072	1674	746	1133	2086	815
OTU196900186	641	2585	106242	1946	1281	4021	311	7126	2486	1923	3145	477	642	0
OTU196900187	0	430	0	0	0	0	0	641	0	0	550	447	1965	1879
OTU196900188	0	0	857	566	0	228	0	0	681	0	0	0	0	0
OTU196900189	3334	1115	1122	3179	1245	360	3050	1391	4516	2983	967	910	802	1716
OTU196900190	0	660	0	0	0	303	0	485	0	0	0	0	0	0
OTU196900191	336	821	0	0	210	347	0	1004	0	472	0	0	0	0
OTU196900192	1065	1048	863	0	431	580	933	765	1875	0	0	0	0	0
OTU196900193	0	334	0	0	0	0	623	0	0	332	0	0	0	0
OTU196900194	0	584	0	0	155	192	735	384	692	0	0	0	0	0
OTU196900195	450	1233	0	0	340	644	951	889	1563	0	0	297	576	0
OTU196900196	5473	3375	16295	4099	3890	4289	5997	5794	12225	8161	0	492	0	0
OTU196900197	601	478	1236	1094	234	0	425	489	1392	682	505	337	0	431
OTU196900198	2931	1995	3269	2893	1415	480	2161	3237	4376	2332	1967	0	2748	3721
OTU196900199	1957	2212	2223	2891	2691	1046	2956	2587	5115	3587	4803	3628	4032	4971
OTU196900201	2285	1496	2780	1786	911	710	871	1733	1892	1173	1761	845	1911	1656
OTU196900202	431	1316	3474	2037	292	877	1665	2042	2292	1942	2876	331	1005	0
OTU196900203	0	733	0	0	214	495	568	1099	1083	330	326	0	970	0
OTU196900204	1010	1396	3720	0	725	630	599	1882	2092	992	699	685	1569	721
OTU196900205	696	712	0	0	255	0	315	904	0	0	0	0	0	0
OTU196900208	4411	4373	5419	4720	2020	2210	6714	6898	8380	2461	2523	957	3208	533
OTU196900209	2111	688	1989	486	395	802	738	1428	2373	403	0	0	1064	0
OTU196900210	0	736	0	0	173	236	400	526	1287	360	806	450	618	405
OTU196900211	1759	1540	3292	0	643	1070	1490	1712	2011	1477	0	0	0	0
OTU196900213	3387	1197	3270	3224	810	459	1009	1537	2485	2106	0	0	0	0
OTU196900214	2896	2268	6011	1716	1184	1273	1803	2716	4878	2622	2463	1129	2084	3435
OTU196900215	3947	921	4263	2592	589	1602	4473	1224	2817	2983	675	226	915	659
OTU196900217	486	614	0	1321	550	443	1673	1031	2334	819	636	969	1532	1278
OTU196900218	1283	850	536	406	406	426	1103	1258	1856	405	1054	434	749	957
OTU196900219	703	636	1019	1453	271	281	901	887	2231	471	645	767	908	594
OTU196900221	3744	1551	3705	4585	1549	1190	2447	1877	4819	3359	374	951	1389	3055
OTU196900222	553	454	0	0	0	427	0	830	1312	566	0	0	0	0
OTU196900223	0	268	904	3436	566	491	884	0	1393	1131	515	241	0	1669
OTU196900224	1106	804	1385	3210	690	482	777	1104	2068	1008	358	530	1739	787
OTU196900225	591	373	637	0	183	551	0	640	841	0	0	0	0	0
OTU196900226	663	678	0	0	0	437	0	512	1376	409	450	356	0	0
OTU196900227	819	927	0	1231	406	0	957	1282	1291	1053	475	807	746	1145
OTU196900228	2103	1792	1154	1223	1056	1439	865	2302	1056	1096	983	0	746	0
OTU196900229	0	0	0	670	153	0	0	0	968	0	0	359	0	435
OTU196900230	1038	613	983	2273	798	445	1016	888	1781	1410	1141	605	441	772
OTU196900231	315	534	630	0	0	451	762	634	1307	488	0	0	0	0
OTU196900232	0	318	0	0	190	0	0	454	0	0	0	0	0	0
OTU196900234	0	781	547	458	271	203	938	894	1217	479	0	335	1137	0
OTU196900235	2670	1712	4349	1750	1047	1019	2726	1693	5244	2215	1385	870	1610	1692
OTU196900236	0	0	0	2827	1920	0	3587	2123	4678	0	8961	7844	8557	11975
OTU196900237	375	763	0	0	481	316	521	1024	1273	399	0	493	461	550
OTU196900239	1086	1197	1664	1576	690	671	1232	1218	3058	1118	1831	209	1363	1343
OTU196900241	1863	699	2944	0	338	461	675	1104	2881	817	1642	872	1940	2301
OTU196900242	1559	643	0	0	899	1002	3291	1778	12589	496	10082	6331	6332	11017
OTU196900246	1468	566	1745	786	344	422	596	1512	1151	456	1575	650	2371	2755
OTU196900248	1029	787	0	482	409	0	0	0	0	0	0	0	0	0
OTU196900249	0	772	0	0	301	458	727	1287	2959	794	962	911	770	751
OTU196900250	2009	1023	4062	1074	560	919	1014	1380	2979	1308	1099	532	761	1466
OTU196900252	868	444	896	2219	480	311	842	519	878	1290	475	210	0	363
OTU196900253	558	289	707	0	201	421	359	397	805	538	0	0	0	0
OTU196900255	560	817	0	859	374	339	1143	1086	2037	1108	774	680	351	408
OTU196900256	0	302	0	0	0	0	0	612	0	0	406	0	0	0
OTU196900260	4288	925	9229	1223	651	2775	688	1792	3472	1514	1214	0	0	763
OTU196900262	839	375	725	412	206	320	554	514	625	495	0	0	0	0
OTU196900263	535	531	629	552	234	238	791	581	988	391	0	0	494	0
OTU196900264	462	465	1284	1104	0	1124	1106	1069	1788	700	0	0	0	0
OTU196900265	612	461	0	1094	315	743	856	603	0	901	0	0	0	0
OTU196900266	0	1285	0	0	0	0	316	1258	2090	0	1485	0	993	0
OTU196900268	898	568	1037	0	397	194	581	2298	1908	649	309	0	0	0
OTU196900269	873	1317	2412	8666	769	3381	1701	3089	4566	1483	1613	6012	4828	6496
OTU196900271	1256	511	0	0	634	614	1027	1189	1789	376	0	641	499	748
OTU196900274	3469	1552	3461	987	636	805	2748	1649	4729	1549	1057	1377	3003	2052
OTU196900276	0	283	0	0	0	0	405	370	0	0	0	0	0	0
OTU196900277	1745	1288	1754	808	789	1578	1717	1196	2023	798	0	246	1048	386
OTU196900279	735	485	754	807	397	225	791	695	1874	578	740	513	762	779
OTU196900280	376	894	562	1129	1077	444	911	1288	2458	1596	1821	1647	1848	2396
OTU196900283	1784	970	1033	1253	743	968	1496	1001	999	699	0	0	0	0
OTU196900284	440	349	709	958	0	277	663	906	1333	662	0	0	0	0
OTU196900286	4013	1772	3134	2056	1233	1126	2996	2130	3852	1869	1809	899	2041	2323
OTU196900287	481	318	0	602	316	299	587	777	2099	508	1019	388	412	945
OTU196900288	1473	957	1637	984	827	721	1517	878	3514	898	1312	1362	1700	1950
OTU196900289	1912	1195	3677	1656	944	1166	1771	1266	2306	1739	1040	512	769	754
OTU196900291	475	517	921	2865	0	1687	770	884	1664	689	532	449	518	451
OTU196900292	468	0	0	561	231	0	457	0	0	0	312	371	439	0
OTU196900293	630	636	850	787	605	556	894	531	1393	0	0	323	556	0
OTU196900295	1628	1042	2984	459	567	413	882	1338	2687	934	1903	654	1715	1539
OTU196900296	707	648	0	1219	468	289	913	777	1041	909	583	0	0	0
OTU196900297	0	549	0	2031	1081	0	922	814	2233	1480	0	711	796	1012
OTU196900302	1175	976	567	0	693	347	1346	1078	2182	752	0	627	591	560
OTU196900303	397	535	530	452	269	226	448	486	990	366	501	0	382	0
OTU196900305	0	370	596	1330	414	0	668	526	1326	505	338	907	1060	886
OTU196900307	714	658	1625	718	385	396	998	1000	1596	833	0	0	0	0
OTU196900308	909	434	648	0	240	217	912	943	1445	281	1315	862	1276	1453
OTU196900310	1289	843	4206	755	513	949	728	1061	1977	1822	0	0	0	0
OTU196900312	0	0	0	0	0	0	0	0	0	0	332	0	560	516
OTU196900314	0	0	0	897	314	0	0	1069	0	0	1287	872	1698	1955
OTU196900315	0	349	492	0	187	0	0	0	0	0	0	0	0	0
OTU196900316	0	0	0	0	0	0	0	0	0	0	555	614	886	839
OTU196900317	0	0	0	1164	154	193	293	0	0	415	0	0	0	0
OTU196900318	757	869	0	0	378	480	1309	749	2103	342	922	387	704	695
OTU196900319	0	0	0	0	0	0	0	0	0	0	353	246	682	1001
OTU196900320	3007	781	2544	912	440	1127	1099	2672	1618	568	0	0	0	0
OTU196900323	0	0	0	0	247	367	0	864	0	0	567	660	1378	1381
OTU196900327	0	301	0	0	236	0	380	505	898	0	0	0	563	0
OTU196900329	491	534	0	843	185	0	662	557	1164	560	0	0	0	0
OTU196900330	2843	1534	3299	1191	1253	732	1887	1746	3514	1836	2228	1247	1525	2419
OTU196900331	1065	1275	2324	865	351	410	678	925	1253	1984	0	0	0	0
OTU196900332	0	0	0	0	0	0	0	0	0	0	285	447	0	596
OTU196900335	1639	601	1284	1744	663	1545	1151	989	1481	1092	0	683	0	0
OTU196900336	4046	2279	9843	2494	1136	6906	9452	2281	4326	6973	368	0	0	0
OTU196900337	6264	5222	2329	3814	4974	1611	5235	6115	12174	2712	8080	9293	18134	19592
OTU196900338	636	480	709	2567	834	544	1141	707	1754	1395	795	858	646	1677
OTU196900339	4172	2147	567	0	936	0	5539	2609	7917	6874	13948	3809	7164	8018
OTU196900340	4193	1559	7820	2558	1238	1242	2071	2414	3502	3150	929	1120	1770	2160
OTU196900341	0	353	535	787	618	307	1880	911	3419	1082	877	1358	863	1643
OTU196900344	535	370	633	367	199	255	515	565	641	649	592	319	479	632
OTU196900347	1891	1003	2705	1300	544	505	731	494	1302	2635	0	290	1090	969
OTU196900348	1079	340	910	0	378	339	909	660	1788	763	1034	613	655	458
OTU196900349	611	455	999	390	289	474	910	342	1022	695	261	0	0	0
OTU196900350	397	329	466	884	202	239	600	435	666	269	0	0	0	0
OTU196900351	0	0	0	879	447	0	406	0	0	501	355	387	0	597
OTU196900352	0	0	0	1009	0	0	377	0	1204	434	599	484	854	403
OTU196900353	0	307	0	0	219	0	522	0	0	0	0	295	783	938
OTU196900354	0	847	0	0	208	0	491	1855	1994	0	514	577	2094	846
OTU196900355	1001	742	851	857	684	268	696	872	1513	899	713	640	687	842
OTU196900356	0	334	524	1120	381	513	790	485	1447	394	715	718	638	691
OTU196900357	752	717	1486	0	506	821	939	657	0	0	0	0	0	455
OTU196900358	0	438	704	948	1356	0	0	2751	0	680	0	2203	0	0
OTU196900359	321	1206	1010	0	1516	0	1427	4459	4559	0	2283	0	419	0
OTU196900361	820	517	0	758	529	192	686	549	953	872	485	278	0	407
OTU196900363	0	322	0	550	339	175	476	493	817	681	0	0	0	0
OTU196900365	0	0	0	0	0	0	407	0	0	0	0	306	0	767
OTU196900366	0	354	0	860	544	221	488	540	775	625	865	988	1212	1290
OTU196900367	0	0	0	0	0	0	0	0	650	0	977	444	668	367
OTU196900370	0	0	0	0	1038	0	0	624	1050	0	465	864	479	1181
OTU196900374	311	0	685	0	0	0	0	0	688	0	0	0	0	0
OTU196900377	1029	601	0	531	843	176	701	1042	1616	451	1238	936	2409	699
OTU196900383	0	519	0	417	397	0	943	584	1423	0	623	692	1442	1173
OTU196900384	0	0	0	0	0	0	0	0	0	0	328	201	331	0
OTU196900386	317	243	0	524	0	0	517	0	0	0	0	268	0	0
OTU196900387	0	290	0	0	0	0	0	0	0	546	0	304	498	496
OTU196900388	303	0	0	0	194	0	0	0	0	0	0	211	0	393
OTU196900391	312	246	590	0	158	183	385	376	583	359	0	0	0	0
OTU196900392	0	282	0	0	237	0	665	336	1049	0	0	229	525	541
OTU196900393	326	0	0	560	379	0	0	0	0	477	0	0	0	0
OTU196900398	1358	842	1411	857	707	408	1071	841	2669	661	362	0	373	0
OTU196900400	671	486	794	1624	434	191	1038	679	1084	551	311	275	529	0
OTU196900401	1564	694	547	0	607	231	1077	730	1778	514	0	0	407	0
OTU196900402	382	270	0	0	0	0	0	0	639	0	0	0	0	0
OTU196900404	0	519	0	0	260	212	445	486	850	0	422	464	0	513
OTU196900406	0	0	0	767	391	0	0	821	1171	378	0	259	733	0
OTU196900408	0	288	657	0	215	221	0	0	0	0	0	0	518	0
OTU196900409	0	0	0	0	0	0	0	0	0	0	968	293	856	927
OTU196900414	368	0	0	636	191	0	539	0	0	689	650	0	0	0
OTU196900418	365	259	0	0	217	236	306	532	880	299	0	0	0	0
OTU196900424	0	0	0	0	0	215	330	0	595	0	0	0	0	0
OTU196900425	0	0	0	0	194	0	0	0	1243	0	819	481	547	755
OTU196900429	417	276	781	695	343	0	456	430	0	934	693	298	446	376
OTU196900431	776	321	0	0	0	546	457	0	803	0	1757	0	0	1183
OTU196900444	0	0	0	749	207	0	0	0	0	0	0	274	0	0
OTU196900445	0	0	0	0	0	0	0	419	1023	0	408	883	743	1246
OTU196900446	0	278	0	453	205	222	601	0	0	0	0	0	0	0
OTU196900449	618	0	0	1044	461	207	487	0	1014	924	518	534	0	838
OTU196900450	0	0	0	422	324	0	563	0	946	316	497	265	0	0
OTU196900454	0	0	0	0	0	0	0	0	2701	0	1274	0	2715	5009
OTU196900458	0	0	0	376	308	0	0	988	1401	291	0	923	1035	1062
OTU196900464	0	267	0	0	151	0	351	0	0	295	304	346	395	534
OTU196900465	0	0	0	0	0	0	0	612	708	0	260	311	2953	894
OTU196900469	467	411	0	512	0	0	0	1200	1395	0	951	0	539	0
OTU196900475	358	370	0	920	547	0	548	469	1042	387	827	511	485	652
OTU196900476	0	0	0	543	0	616	0	0	0	439	0	0	0	0
OTU196900481	583	420	785	1134	424	206	541	1066	0	571	329	0	0	0
OTU196900488	0	0	0	0	450	0	0	0	726	0	432	222	0	380
OTU196900492	0	0	0	0	338	212	556	0	695	323	0	322	0	636
OTU196900496	0	0	0	1472	999	0	1453	1896	2326	848	1293	1488	2384	2725
OTU196900499	0	611	0	0	483	0	739	1216	2054	776	1290	775	1150	1413
OTU196900500	0	441	547	0	232	411	482	0	1449	0	0	0	416	0
OTU196900507	0	397	0	431	167	0	0	403	651	474	1198	637	995	1489
OTU196900513	0	0	0	0	213	0	0	552	731	0	0	334	432	476
OTU196900515	0	0	0	0	425	0	0	0	653	0	0	782	0	649
OTU196900517	0	0	0	0	0	0	0	0	0	0	725	247	0	457
OTU196900518	0	0	0	0	0	0	0	0	0	0	1148	1803	2000	0
OTU196900520	509	0	0	0	342	0	345	0	0	0	0	0	0	0
OTU196900521	0	0	0	1092	269	541	514	0	976	0	0	517	440	672
OTU196900522	0	0	0	0	0	0	0	0	0	0	451	219	0	511
OTU196900524	0	0	0	956	289	0	0	349	0	313	620	263	0	615
OTU196900527	0	0	0	0	0	0	0	0	0	0	0	373	1039	568
OTU196900528	0	0	0	0	0	0	0	0	0	0	633	624	849	1597
OTU196900529	0	339	676	522	382	0	0	423	0	856	644	0	1043	1572
OTU196900531	0	0	0	0	0	0	0	0	0	0	0	344	442	848
OTU196900532	0	0	0	0	0	0	0	0	0	0	787	1521	2293	6200
OTU196900533	0	0	0	0	0	0	0	442	0	0	954	0	1529	0
OTU196900534	0	266	0	0	180	224	422	0	824	0	0	0	0	0
OTU196900537	0	0	0	0	0	0	0	0	0	0	793	303	693	577
OTU196900538	0	0	0	0	246	0	0	0	0	0	322	0	717	1079
OTU196900539	0	0	0	606	319	0	0	587	0	0	814	636	1389	3013
OTU196900543	0	332	0	671	238	0	0	367	0	0	527	284	333	686
OTU196900546	0	0	0	0	343	0	0	0	1272	0	623	464	499	761
OTU196900547	0	0	0	0	0	0	0	0	0	0	0	501	635	874
OTU196900551	0	284	0	0	210	0	329	0	0	0	0	242	395	0
OTU196900558	0	0	0	0	0	0	0	0	0	0	0	226	600	568
OTU196900559	0	287	500	0	305	0	486	508	957	501	0	217	0	0
OTU196900561	0	0	0	0	0	170	285	0	729	0	0	0	398	0
OTU196900563	0	0	0	0	0	0	0	0	0	0	0	298	1009	947
OTU196900565	0	0	0	0	0	0	0	0	0	0	0	700	586	1231
OTU196900569	0	269	0	532	232	319	611	695	1378	347	386	439	779	615
OTU196900571	0	0	0	0	192	0	425	0	602	0	0	205	0	0
OTU196900573	0	0	0	0	180	0	0	0	0	0	0	414	550	1300
OTU196900578	0	0	0	0	0	0	0	0	0	0	401	0	469	596
OTU196900580	0	0	0	0	0	0	0	0	0	0	543	322	1326	1648
OTU196900582	0	521	0	0	348	0	499	1097	976	456	0	274	726	521
OTU196900588	3248	1561	759	2491	0	392	1091	691	2309	893	0	0	0	0
OTU196900589	1621	1442	3031	977	715	553	1288	1377	2099	1287	0	0	0	0
OTU196900590	1033	916	660	376	0	345	694	515	0	0	0	0	0	0
OTU196900591	779	361	1064	0	158	0	641	350	0	292	598	402	465	591
OTU196900592	753	347	879	468	265	0	343	498	0	409	0	0	0	0
OTU196900594	548	433	1124	0	241	0	357	444	0	856	0	0	0	0
OTU196900596	455	293	756	0	0	0	445	604	816	284	1124	679	814	1016
OTU196900597	387	647	876	426	342	410	798	998	1311	518	365	0	0	0
OTU196900598	447	323	0	0	240	0	446	453	1802	0	0	476	0	0
OTU196900599	391	0	0	0	0	0	0	0	0	0	0	269	0	528
OTU196900600	433	491	0	723	0	724	401	627	0	0	0	0	0	0
OTU196900601	423	0	0	513	0	0	0	0	1104	0	0	0	0	0
OTU196900603	399	0	0	0	0	0	629	367	815	320	432	331	0	0
OTU196900604	376	295	0	0	278	325	349	378	0	0	0	0	0	0
OTU196900605	365	321	0	0	318	182	474	540	1012	379	545	607	370	536
OTU196900606	365	339	638	0	383	0	692	413	2321	635	1091	1064	1118	955
OTU196900608	310	258	940	0	0	326	400	496	0	776	0	0	0	0
OTU196900611	0	324	0	1029	0	705	686	575	0	0	0	0	1242	0
OTU196900612	0	312	0	0	212	189	305	0	783	0	310	0	0	0
OTU196900613	0	327	0	0	191	0	690	0	0	357	0	0	0	0
OTU196900614	0	284	0	509	242	0	420	462	795	811	0	364	0	0
OTU196900616	0	246	0	0	315	0	519	0	668	0	0	0	0	0
OTU196900618	0	243	534	1325	168	473	438	879	0	337	502	0	649	0
OTU196900619	0	243	0	0	251	373	657	647	1198	780	391	424	0	0
OTU196900620	0	0	1016	0	260	0	0	376	0	0	438	438	674	694
OTU196900623	0	0	755	0	262	0	299	0	0	0	0	0	0	0
OTU196900624	0	0	609	0	0	0	0	451	666	0	0	199	0	0
OTU196900628	0	0	0	1229	283	0	543	0	0	0	0	0	0	0
OTU196900630	0	0	0	514	0	198	0	0	675	423	0	0	0	0
OTU196900631	0	0	0	496	281	198	454	380	614	434	0	0	0	0
OTU196900635	0	0	0	0	310	0	0	0	0	0	489	292	0	0
OTU196900648	0	0	0	0	0	220	0	0	0	0	428	0	0	514
OTU196900655	0	0	0	0	0	0	0	0	0	0	567	254	0	397
OTU196900656	0	0	0	0	0	0	0	0	0	0	514	307	0	565
OTU196900658	0	0	0	0	0	0	0	0	0	0	407	405	433	0
OTU196900661	0	0	0	0	0	0	0	0	0	0	339	308	373	555
OTU196900662	0	0	0	0	0	0	0	0	0	0	269	257	333	0
OTU196900663	0	0	0	0	0	0	0	0	0	0	362	0	553	438
OTU196900667	0	0	0	0	0	0	0	0	0	0	0	568	534	777
OTU196900672	0	0	0	0	0	0	0	0	0	0	0	293	1030	5041